

* Weighted Ensemble Simulation
Integration Step Size: 2e-15 seconds
2.0 femtoseconds
Last Cycle Index: 9
Number of Cycles: 10
Single Walker Sampling Time: 2e-12 seconds
1.9999999999999998e-05 microseconds
Total Sampling Time: 2e-11 seconds
0.00019999999999999998 microseconds

* WExplore
Max Number of Regions: (10, 10, 10, 10)
Max Region Sizes: (1, 0.5, 0.35, 0.25)
Number of Regions per level:

[3, 6, 7, 9]

** Region Hierarchy
Defined Regions with the number of child regions per parent region:
()     3
(0,)     1
(0, 0)     1
(0, 0, 0)     1
(0, 0, 0, 0)     0
(1,)     3
(1, 0)     2
(1, 0, 0)     2
(1, 0, 0, 0)     0
(1, 0, 0, 1)     0
(1, 0, 1)     1
(1, 0, 1, 0)     0
(1, 1)     1
(1, 1, 0)     2
(1, 1, 0, 0)     0
(1, 1, 0, 1)     0
(1, 2)     1
(1, 2, 0)     1
(1, 2, 0, 0)     0
(2,)     2
(2, 0)     1
(2, 0, 0)     1
(2, 0, 0, 0)     0
(2, 1)     1
(2, 1, 0)     1
(2, 1, 0, 0)     0

** Leaf Region Table
         region  n_walkers  curr_weight
0  (0, 0, 0, 0)          4     0.001285
1  (1, 0, 0, 0)          2     0.496128
2  (1, 1, 0, 0)          1     0.092188
3  (1, 1, 0, 1)          0     0.000000
4  (2, 0, 0, 0)          1     0.092604
5  (2, 1, 0, 0)          1     0.000087
6  (1, 0, 0, 1)          0     0.000000
7  (1, 0, 1, 0)          0     0.000000
8  (1, 2, 0, 0)          1     0.317708

** WExplore Log

    new_leaf_id  branching_level  trigger_distance
0  (1, 0, 0, 0)                0          1.622933
1  (1, 1, 0, 0)                1          0.540865
2  (1, 1, 0, 1)                3          0.260104
3  (2, 0, 0, 0)                0          1.224139
4  (2, 1, 0, 0)                1          0.536809
5  (1, 0, 0, 1)                3          0.342084
6  (1, 0, 1, 0)                2          0.444444
7  (1, 2, 0, 0)                1          0.585939
* Walker Table
     weight    assignment  progress
0  0.317708  (1, 2, 0, 0)  0.952942
1  0.000521  (0, 0, 0, 0)  1.147144
2  0.000087  (2, 1, 0, 0)  0.391860
3  0.000260  (0, 0, 0, 0)  1.188283
4  0.000260  (0, 0, 0, 0)  1.179161
5  0.092604  (2, 0, 0, 0)  0.369170
6  0.000243  (0, 0, 0, 0)  0.382446
7  0.496042  (1, 0, 0, 0)  0.378011
8  0.000087  (1, 0, 0, 0)  0.431627
9  0.092188  (1, 1, 0, 0)  0.374836

None

* Performance
Average Runner Time: 0.0017261266708374023
Average Boundary Conditions Time: 0.010716724395751952
Average Resampling Time: 0.006689190864562988
Average Cycle Time: 0.019132041931152345
Worker Avg. Segment Times:

            avg_segment_time (s)
worker_idx                      
0                        0.00017

** Cycle Performance Log

Empty DataFrame
Columns: [cycle_time (s), runner_time (s), boundary_conditions_time (s), resampling_time (s)]
Index: []

** Worker Performance Log

    cycle_idx  n_steps  worker_idx  segment_time (s)
0           0      100           0          0.000354
1           0      100           0          0.000166
2           0      100           0          0.000157
3           0      100           0          0.000153
4           0      100           0          0.000150
5           0      100           0          0.000154
6           0      100           0          0.000153
7           0      100           0          0.000148
8           0      100           0          0.000156
9           0      100           0          0.000151
10          1      100           0          0.000315
11          1      100           0          0.000177
12          1      100           0          0.000165
13          1      100           0          0.000158
14          1      100           0          0.000156
15          1      100           0          0.000155
16          1      100           0          0.000159
17          1      100           0          0.000164
18          1      100           0          0.000161
19          1      100           0          0.000158
20          2      100           0          0.000295
21          2      100           0          0.000162
22          2      100           0          0.000167
23          2      100           0          0.000164
24          2      100           0          0.000179
25          2      100           0          0.000156
26          2      100           0          0.000154
27          2      100           0          0.000154
28          2      100           0          0.000151
29          2      100           0          0.000149
30          3      100           0          0.000283
31          3      100           0          0.000162
32          3      100           0          0.000153
33          3      100           0          0.000151
34          3      100           0          0.000147
35          3      100           0          0.000146
36          3      100           0          0.000146
37          3      100           0          0.000145
38          3      100           0          0.000154
39          3      100           0          0.000158
40          4      100           0          0.000310
41          4      100           0          0.000165
42          4      100           0          0.000152
43          4      100           0          0.000149
44          4      100           0          0.000146
45          4      100           0          0.000146
46          4      100           0          0.000145
47          4      100           0          0.000147
48          4      100           0          0.000144
49          4      100           0          0.000144
50          5      100           0          0.000300
51          5      100           0          0.000161
52          5      100           0          0.000170
53          5      100           0          0.000149
54          5      100           0          0.000145
55          5      100           0          0.000148
56          5      100           0          0.000145
57          5      100           0          0.000158
58          5      100           0          0.000166
59          5      100           0          0.000152
60          6      100           0          0.000309
61          6      100           0          0.000163
62          6      100           0          0.000160
63          6      100           0          0.000147
64          6      100           0          0.000148
65          6      100           0          0.000148
66          6      100           0          0.000147
67          6      100           0          0.000144
68          6      100           0          0.000148
69          6      100           0          0.000144
70          7      100           0          0.000303
71          7      100           0          0.000171
72          7      100           0          0.000170
73          7      100           0          0.000149
74          7      100           0          0.000149
75          7      100           0          0.000146
76          7      100           0          0.000160
77          7      100           0          0.000172
78          7      100           0          0.000149
79          7      100           0          0.000183
80          8      100           0          0.000320
81          8      100           0          0.000170
82          8      100           0          0.000158
83          8      100           0          0.000157
84          8      100           0          0.000158
85          8      100           0          0.000151
86          8      100           0          0.000156
87          8      100           0          0.000146
88          8      100           0          0.000146
89          8      100           0          0.000151
90          9      100           0          0.000301
91          9      100           0          0.000175
92          9      100           0          0.000160
93          9      100           0          0.000150
94          9      100           0          0.000151
95          9      100           0          0.000150
96          9      100           0          0.000149
97          9      100           0          0.000154
98          9      100           0          0.000148
99          9      100           0          0.000150

